  2816  1319  2281  2779   155  1477  1204  2354  2267  1829
  3122   211  1074  1836  4892  2269  4940   111  4436  3754
  1150  1427  4073  4921  1539  1585  4323  4668  1760  4610
  3172  2637  4606  1517  3258   894  4167  2370   876  1957
   286  3500  1011   752  1979  4476  1809  4087  4011  4918
    70  2341  2758  4277  1345  4362   902  3493  3060   218
   830  2822   719  2934   238  1784  4870  4694  4329  2623
  2471  1177   404   754  2194   785  2022  4875  1887  2647
   248  1305   624  2369  3104  3748  2353  2586  3706  1173
   791  1405  2252  2604  3128  4210  4305  2650  3076  3203
  2808   461  4223  3890  2666    43  2079  1765  2538  3192
  3665  1010  3280  4729  2584    60  2848  4749  4876  3027
  1189  4211  2718  2846  3090  4686  1631  2300  1124  4061
  1819   722  3317  2883   759  3007  4232   619  2040  4118
  1137   839  4779  1456  3826  4200  3603  4290  2406  3173
  1370  3950  2100  2643   241   642  2683  1714  2546  2686
   847  2517   323  4917  2605  1015   295   153  3182  2935
  2311    99  1501   750  3784  3819  1926  3032  4435  3893
  1339  3453  2068  4496  1121  3861  3054  3448  2000  2070
  2325  1485  2549  1330   552  2206  3817  3638  3287  3863
  3331  3393   453  1795  2980  3790   321  1943  2389  3254
  2646  4005  3736  3593  4379  3639  3441  3563   433  3356
   198   857  1135   310  1304  2875   449  3951  2404  2757
   116  2224  2595  3236  2924  1776  3747  2183  3298  3918
  4002  2376  4984  2399  2088  2440  3929  3739  2928  3513
  3251  3726  2391  1306  4018  4151  3479   413   200  3782
  4627  4996  3992  4724  1406  3731  2432  2193  4938  1823
  1064   913   593  1673  1134   351  4796  4477   611  2205
   657  4806  1814  4038  4522  2719  4850  3647  3233  3062
  1386  4559  1059  4385  2485  4050   801   357  2384  1202
   535  4638  2130  3813   833   909  2902  2032  3190  3746
  2359  2596  2146   476   247   438  3577  1721  3922  2694
  4130   963  4726  4331  2972  2482  2442  1837  3044  4511
  4190   648  4134  3707   606  2766  3641  2895  3806  3559
  1076   361  3491  2218   350   810  3037  3762  2567  4680
  1699    95   412  2429  4912  3700  3905   708   362  3896
   118  2165  4900  4598  2657  1785  4993  2192  2317  3310
  4330  3329  4583  4184  3851  2455  1666  3573  1251  2501
  3953  2824  1343   861  3420  2910  4712  4428  3286  4700
  4341   746  3320  4016   106  2617  1278   977  3109  3343
  3578  2382  2681  4140  4056  1082  4338  4269  1831  4971
  1658  3961  2364  3138  2200  1139  3074   668  3624   898
  4882   181   921  4916  4972  3038  2752  1009  4453  1191
  3719  4303  4901   629  1600  3183  1249  3724  3723  3955
   647   931  1959  3811  1986  1509  4317   961  1227  1006
   204  4786  4959  1301  4014  1903  1601   660  2690  3944
  4867   633   995  2062  3584  4931  2077  3328  3632  4181
  1163  4081  3956   730  3962  2802    88  4150  1381   364
  3540  2041  1604   800  1789  2110  3843  3503  4659  4974
  1435  3799  1296  1937   605   952  2898   451  2573  4276
  2744  2872  4510   786  4153  1930  2287  4982  4332  3655
  1999  4458  2028   382   581  3440   651  4257  3916  4632
  4745  4555   122  4639  3750  1036  4473  3645  3780  4881
  3105  4292  1749  1503  1934  3008  2832  4238  3732  3111
   644  3288  1149  4903  1512  3954  2357   359  2229  4171
  1348  2780   480  3727  2403   179  1217  2289  3061  4067
  2256   337  4848  3143   101  2906  2498  3243  4642  3496
  3262   148   645  1254  4397  3199  1545   352   697   932
  1541  1247  3729  1378  4977  1148   820  1613  4177  3972
  1690   886  3456   707  2159  1993  5010  1323  4233  4023
  4097  3361  1017  4790  1033  4607  3079  1931    71  3505
   230  1112  2553  3438  3282  1225  1446  2936  2636  1832
   985  2141  3213  4324  2964  3792   285  2386   533  1994
  4092  2173   311  3510   196  4596  3069   444  2614  3855
  2644   641   770   843  3693  4079  4472   669  4219  2815
  1862  2669  1239   779  4369   365  4454  1116  4326  3041
   592   888   423  4253  4416  2115  1685  2770  3295  1549
  2869  2446  2787  2984  4377  2993  3572  4495  2310   157
  2123   376  3403  1815  3498  2830  3267  1851  3522  2990
  2733  4358  3220  3253  2283  1397  4926   988  3936   865
  2609  2977  1325  2266  1494  4037  5017  1780  3058  4689
  3948  3888   840  2878   183  2245   263   487  3741  4690
  2249  3460  1193  1264  3357  3313  1276  3998  2039  3795
  1286  3372  1156  2914  1751  3925  1573  3404  1459   993
  2292  3659  2805  3834  3562  1472   562  1538  3930  2885
  2684  4925  4354  3678  4716  4105  3289  3966  3921   793
  1877   369  4356  3411  1708  1857   385   184  2536  4287
  3730  1595  3171  2955  1675  3767  1679  1597  4573   416
  1478  1996  2789  2857  3766  3028  3850  4692  2031  3012
  1257  1990  2986  2336  2198  4088  2555  4348  2462    86
  3941   991   529    77   333  3174   984  1003  2280   738
   597  2408  2640  3063  1138   937  3086   545  2510  1157
   498  1114  3237  2613  1792  1390  2503  1864  1913  3635
  1695  3000   217  2051  4565  4191  4576  2349  4466  3088
    36  3349  4660  1948   335  4036   549   589  3205  3618
  1542  1511  4817  2663  4481  1329   454  4357   825  2096
   891  4452  3560  4773   252  2950  3609  1638  1271  3714
   573  3996  1495  2460   267  3494  4670  2044  3788  2201
   665  2568  2746  3812  4601    32  2814  4199  4366   107
  4136  3518    58  2523   132  2634   422  4658   244  3600
   806  1192  3845   741  2416  2532  1364  1734  4333  4222
  2761  2786  3303  3278  1143   706   976  2887  2444  2478
  2837  2015  2520  2131  3250  3508  2398  3935   471  2543
   966   878  2211  1242   795   401  4818  4075  1536  2366
   402  2329  4007   457   443  3832   939  4506  3400  1089
  1843  3715   678  1635  3345   823  2798  4780  1532  1281
  3691  3191  4953  2834  4618   691  3995  3515  4299   273
  2157  3152  2945  1354   764  1096  3853   481   868  3478
  1779  1436  4622   821  4135   615  1869  2587   440  2048
  1172   309   421  1623   289   829  1744  1211  3315  3664
  1565  1123  3709   896  4307  3506   769  1091  1141  1922
  3486  3862  1313  2301  2316  4241  3031  4531   596  4764
  2585  3140  4098  1422   824  1778   205  4873  4952  3368
  3859  2425   219  2080  1891  4207   160    35  2435  4924
  1589  1598   483  2483   488  1798  2285  4628  3156  2431
  1290  4024  3022   496  3131  3043  3387  1256  1621  2480
  4270  2476  3030  4046  3870  1395  3939  3092  3580  4872
  4101  3318  2954  2858   103   998  3849  1524  4546  2320
  3471   638  2298  1828  2334  4808   366   751  4419  3923
  4647  3102  1392   950  2227  1072  1932  2473  2930   911
   990  3775  3273  1214    87  4468  4899   388  3189  2734
  1556   555   105   925  4205  3431  4423  1896  2989   904
  2926   807  4412  3835  1530  4298   479  5018  1398  1497
  1606  1663  4418  1540  2774  4834  1984  1889  3118  2556
  3352   372  3657  3915  4156  4236  3557  5003  2603  3907
  2939  3844  3901  1423  4545  4572  4176  2515  3211  4204
  2338  1920   912  4486  4811   456  2735  1584  3126  2397
    23  4603  1912  4541   792  3672  4245  1421  3756  2953
  4451   346  3137   945  1385  1031  4871  4235  3558  3330
   680  4026  4725  3444   917  3145   159   981  1004  4215
  1677   854  3838  2140  2745  1255   182  3252  2627  3581
   258  2747  4019  2409  4168  4760  1519  1344  3776  1322
  1216  4439   459  3781  4990  3414  3184    26  4549  4682
   864  3383  1391  1365  1240  4888  2579  2547   929  1493
    24  3154  4376  2452  3822  4976  4161  1376  4309  4839
   405  4480  1175  2008  2210  1043  4929  4091    51  3629
  3827   671  5020  4775  1915  2674  4955   188  3684  4195
  2811  1724  3005  4266   881  2101  4752  2784   149   636
  1147  1603  3938  3507  1492  1272  2351  2487   809  1372
  2006   869  4407  4194  3418  1484  2106  4809   112  3271
  1547   336  4528  2147  4715  2847  3686  4327  2626  3264
  4163  3466  2970  2013  4849  4224  3365   287  2477  1871
  3591  4702  2104  3087  2799  2845  1874  1055   145  2337
  1841   813   162  1359  3364  4123  2571  1956  2312  2922
  3602  4121    62  1434  2083  1667  2651  3219  3259   220
  2484   165  4318  4342  4459  1880   306  3990  2638  2959
  3292   973  2749  4681  3917  4736  3164  1510  4788   576
   331  2264  2995  4537  1683   380  2791  1910   684  4031
  4774  2870  2053  1568  2169  3114  4110  3976  4359   548
  1351   519  4300  4667  1169  4391  3130   144  4845   109
  3231   251  4497  1020  1873  2302  4228  3265  4831  4746
  1054  3931  2319  3677  3049  2499  3663  1194   583  3621
  1200   511   653  1022  1444  1535  4265  2199  2360  2743
  2168   735  2213  1807  3142  3246  4812  3389  2628  1243
    34  3673  1821   598  1399  2344  4009  4052  3760  2717
  2144  3290   700   373  3742  2994   554  1061   102  1839
  4220  1429  2488  1558   784  1508  1761  3016   919  2368
  2394   288  1073  4115  2705  2821  1659  3463  4669  1548
  4843   565   232  2465  2730  4789  4730   199  4524  2345
  4633  4319  3483  3815  1650  2261   877  2773  2724   539
  3906  4608  4570  4125  4617  2143  4846   430  3355  3994
   108  1596   887  4732  4975  2905   873  3119  1945  1236
  1041  3777  4558  3239  1607   591  3837  4410  3398   356
  4898  2544  3147  1643   513  3230  1919  2308  3662   692
  1697  5009  2971  2372  4392  1909  2220  4155  3774  2027
   341   838  3755  3474  1333  2541  4650  4611  4631  1969
  3971  3769  3674  4930  4029  1804   723   747  1641  2047
  2350  4983  1559  2620  3419  3848   389   410  2707  3945
  4656  1788  4677  2581   300   948  3685  4146  2792  1799
   999  1336  4838  3587  2263  2835  4515  3424  1413   677
  1722  3006  2034  1094  3702  2202   509  2036  1856   141
  1566  2001  2011  4250  3501  1270  1131   411  1203   208
  3520  4126   233  1021  1529  3999  3753   516  2796  4785
  1071   971  3150  2658  2054   195  1129  1442   705  1576
  1047  3611  4475  2148  3204   679  4913   278  1633  3633
  3740  2711  1105  4482  4770  2782  3757  3255  3257  4946
  1960  2493  1109  2299  1058  2702  4442  2889  4089  4616
  2672   462  2332  4139  2023  2020  4721  2566  3768  2037
  4869  2340   563  1340   570  1441   192  2862   856  4483
  3836  2232  2962  3106   579  1588   568  2776  2445  2356
   291  2291  4415  3492  3894  2414  3167  1693  3473  3656
  3260  2339  2061   557  2577  2459   147  1337   631  4625
  2420  2185  3468  4293  3178  4920  2817   256  3927   455
  3216   514   714  4085  1900  3523  3340  1757  4530  1917
   259  4697  4143  3569   831   908  2092  2654  4644  3534
   269  4705  4884  3625  4958  2226  1028  2656   414  2979
  3029  3720  1430  1228   115   600  1307  1180   478  2662
  3810  4979  3542  2212  1083  3770  4382  3388   574  2653
  3734  3661  1019  4854  1223  3595  2099  2153  3703  1687
   134  2305  2903   441  2619   799  3846   803   490  1619
  2103  2243  1640  4471  2065  3477  4590    94  3270  2594
   297   987  4352  2120  3825  1400  2803   207  3779   940
  2274  1902  2853  1447  2371  2552  3482   672  1616  3866
  4227  1470  4448   599  3268  2997  2124  1218  1250  3124
  3877  1628  2411  1622  3247  3042   559  3210  3422  3033
  3214  4386  2383  4666  1901  1820  3133  2918  4865   272
  2294  3175  3425  1056  4043   500  4630  1703   226  1748
  1032  1859  3134    85  3932   271  3132  2678  4080  1870
  4244  4575  4350   640  1160  1289  4406  1989  1196  2412
  1190  2163  1875  4604  1824  4835  2639  2055  4612   283
  3574  1295  3696   418  1681  3680  1066  1380  4830  1805
  2975  2948  2652  2927  3946  4645  4542  1490  1327  1886
   221  1053  1657   236  4679   718  4529  1651  2886  4117
  3065  1775  1309   349  4433    73  3179    33  2949  4591
    90  2451  4927  2207   626  3722  4717   415   608  1696
  1093  4824  3064  2091  4536   294  3975   308  4889  1248
  4776  3692  4986  4516  2960  3376  2969  1998  1496   383
   790  3195    45  1660   143  1759  3823   177  2540   968
  4951  4512  1303  3034  2191  1916   728  1763  3163  4107
  4137  1861  3710   502  1911   175  3824   924  1448   377
  3974  1906   293   776  4672  2381  2632  4339  4784  4841
  2554  1044  4814  3217  3546  1941  1215  3378  3688  4557
   254  1081  3169  1326  3485   277   464  1758   804  4791
  2278  2417  2304  1777  2582   628  1527  4066  4164  2655
  1710  1122  1479  2433   569   281   495  1095  3527  4548
  4566   687  3391  2005  2427   934  1415  4198   556  3187
  1849  3512  3226  2058  3435  4684  3957   989  1176  3670
  4778  3135   610  1300  1045  4283   980  2481  1086   667
   788  3761  3306  4380   161  3085  1670  3115  3830  4315
  2102  2748  3526  1025  4626  2004  4095   907   709  2323
   392  4393  3987  4649   432  4676  4847  3407  2322  3991
  2871  4401  2569  1802  4058   326  2046  2557  2388  3873
  2539  3459  3275  3881  1883  4441   265  3582  1797  4964
  2941   664   743  4753  2679  3301  3327  1048   126   724
  2561  3798  1746   117  1852  1037  1949  4229  3786  2315
  1334  3875  4911    68  4403  4967  3487  2380  2190   928
  4272  3653  2775   550   729  4261    47  4336  1965  1720
  2868  2486   879   274  2286    63   979   474   859  3475
  3871  1713  1888  1782  3920  1332  4430  4740  4807   234
  4894  3338  1878   760  2223  2362  3997   910  2402  1975
  1914    31  3351  2443   650  3359  4852  1208  3093  1918
  3024  1561  3001  1787  3537   805   867  4634  3428  1407
   694   880  4947  2933  1158  4371   969  4988  1012   808
  1992  2697  3579  2277   871  4049   567  1098  2675  3166
  4231  5005  1644    39  3867  4443  1417  1738  3392  4124
  3969  4104  3100  3891  5015  3570  4399  3462  1209  4742
  3443  2138  3480  1627  2029  3833  4914   229  3964  1379
   424  1579  2680  1747  4761  1564   734  2648   384  1418
  4071  1499  1167  2673  2598   524  1084  1324  1620  3598
  5006  2904   512   280  5019  1741  1310  2067  4398  1905
  1383  2795  3648  3350  2139  2956  4413  1617  2844   528
   428  4563  4427   796  2494  2659  3820  3980   850  3650
  1521  2284  2378  3208  2727  3057  3223  1099  3949   899
  4239   164  4997  2731   577  4966  1292  1612  2454  4704
  3020  3616   566  3565  4693  4708   889  2236  1656  1854
  3423  1080  3887  4757  4648   938   427  3176  1174   604
  1186   282  4710  1822  2516  2272  3446  2952  1531  3509
  1594  3071   656   614   185  4370   163  2891  2762  2330
  4375  1647  4857  2615  3048  1258  2111  2631  3373  4906
   731  4316  1551   757   745   332   602  3026  2564  4074
  1771  4422  2699  1151  4939  4685   334  2531  3511  4535
   742  2723  4170   841  1111  1731  2121  1649   693  1440
  3789  4861  2876  4810   290  3874  2225  1570  1210  1425
  1502  2002  1404  3120   228  4485  1487   225  4577  2234
  3903  4178  4547  1201  1298  1154  3567  4944   458  2931
  1133   536  3928  1709  1981  2720  1414  4408  4444   171
  2081  2128   417  3878  1718  1840  1711  2909  4956   212
  3985  4469  3697  2893  2075  2217  4733  3644  3620  4267
  2649  2197  4360  4494  1075  2768   892  4464   510  4655
  1312  1483  2513  4853  1833  4991   920  3538  1426  3649
  2240  3136  4404  4624  1745  2179  4941    67  3415  2692
  4828  3679  5002   523  4320  3898  4295  4108  2343  1723
  4714   348   955  3608  2583  2850  3622  1855  3601  1955
  3367  2913  4474  3687  2894  3842  4394  2458  4589  1755
  3319    22   906   758   429  2616  1626  1766   436  1068
  3958  2981  1232  2244  3013  4462  2618  1557  2385  1707
  1692  1166  3773  3293  1142  3055  1356  4157  1087  2007
  3488  3067  2760  3397  3139  3796   279  1104   517  1698
  4021  4878  1489  4057  2326  2468  2035  4437  2807  4935
  1610  4285  2785  1533  2303   368  2591  3437  1694  1291
  2270  1155  4748  3307  3281  4968    69    98  4739  1361
  4995  4763  4937  1287  3960  1672  1506   772  4491  4242
  4578  2428  2084  3839  2622  2827   378  3698    30   802
  1394  3369  1110  2813  2706   649  3107  1572   320  4311
  1678   113   721  3794  1152  3669  2534  1954  4646  1563
  1936   822  4363  3583  1097  3072  2506  2856  3876  2233
  4826   469  4823  3025   783  4409  2842  1387  2271  1543
  4687  2365   355  1550  2664  3113   935  1253  1314  1753
   152  2268  4614  4039  1868  1813  4340   167  1921  1461
  3040  2588  2633  3384  1241  4460  1463  1705  4208  2066
  4963  2253  3543  1817  3713  4395  2418  3545   203  2464
  2260  4003   739  3224  4221  1261  2764  2763  4099  2090
  3148   996  4533  1716  2056  2219  2439   374  1185  2181
  3885  2188   696   584  3631  1357  4275  4020  2978  3586
  4895  1933  4434  2342  1842  4879   900   313  1377  2641
   845   465  1373   526  1269  2466  4041  3094  3547  3978
  2600  2209  2374  4374  3568   848   901   408  2839  1830
  3676  4083   674  2800   560  1120  2258  3436  3646   166
   506  1013  2162  1786  3324  2819  3892  4060  1409  4206
   637  1282  2021  2057  1279   815  4175  4045  4554  2721
  3841  3879  3003  4353   178  4978  1591  3668  2072  4711
  2574  4696  1966  4192  3745  1882   618  3141   778  3900
  4432  3180  4008  2908  3155  1684   765  1315  3805  1205
  3366  1964  2756  4463   437  1219  3778  4568  1212   202
   613  2167  2497  4538  1972  4855  3588    61  3410  4985
  2968  4051  4321   249  3451  2855  1197  3021  3225   621
  3266  1940   468  2470  4896  1636  1669  2740   264   662
   617  1899  1846   959  4880  2558   827  1554  4987  1791
   434  4368   542   319  4390  4264  4289  2715   978  1736
   485  1491  4068  3215  1676  2911  3716  4226  2551  1455
  2505   317  4523  2347  1275  2823  4567   766  4365  2449
  2873  1347  2722   578  3544   688  4671  2629  3234  4928
   400  4653  2127  4180   826  2509  3612  4836  3599  2145
  3121   547  4520  4249  4078  4301  3897  4064  4282  4580
  1481  2750  4131   780  4540  2180  4525   173  4664  5007
  2018  3610  1592  2863  4758  1668   114  4860  2158  1267
   442  3965   420  2563  4343  4743  1515  1614   135  4643
  2788  3457  4259  4571  1424    40  2710  1136  2396  2438
  1085  4196  3968  2841  3640  3363   131  4766  1419  3283
  3188    84  3157  1555  4255  2947  3484   466  3530  2112
  4351  1504  3604  2901  4783  1892  3181   531  1971  4112
  1067  1726  4240  4698   903   381  3334  2306  4858  3728
  1159  1689   501   962   953   771  4893  1118  2999  3708
  3502   635  1412   914   284   639  2118   941  2527  2983
  3808  2050  3531   949  4837  3947  1652  3689  2241  2255
  4349   299  1580    41  2405  2642  4500  1346  3129  2741
    76  4665  3592   227  2688  2042   216   370  3464  4741
  4084  2864  1634  2545  3465  4383   231  4172  1318  3793
  4400  4001  4908  4246  3791  4053   627  4286  2430  4957
  1452  2840  3445  1704   168   960  4313   363  2215  1987
  2025  2974  4781  4034  2246  4484  2228  4635  2377  4772
  4149  3913  2687  2559  2570  2548  1437   893  2667  1393
  3854  1927   585  4552  2772  1752   882  1317  1768  3752
  1014  2916   150  1170   339  1130  4022   872   775  2250
  2089  3514  3940  3240  4256  4294   245  2836  4615   682
  2390   527  4973  3339   580  3704   972  1024   661  3082
   325   732  1168  1308  5016   942  1816  2737  2691  4820
   534  3872  4762  4594  2607   253  4769  3454  4883  3332
   875  2321  2415  1602  2154  4148  3196  3831  2086  1801
  4100  3052  2335  4782  3481  2422   897  3036  2017  4128
  3228   344  2060  1884  2082  1450  3380   685   704   551
   292  4179  5014  1599  1967  4544   632  3068  3553  1552
  1665   120  3576  1140   237  4919  1946  4263   997  1103
  1664  2608  4187  2712  2461  2063   493  4017   918  4280
  1844  4637  2917  3342  2533  3277  3198   553  4094  4414
  2293  2456   630   612  2828  1416  2373  4077  4933   699
  4798  4033   398  3926   811  1939  3721  1571  3550  2085
  2592  3880  2843  1316  2923  3884   354  4969  1898  2988
  3470  2518  2156  3426  1895    79  3914    81    49  1034
  3309  4062  2940  1220  2704  2149  1593  1002   169  1238
  2701  3103  3344  2859  1252  2318  2012  4055  1520  2187
  1016  2441  4138  1226  2612  3785  1187  3711  1783  3045
  1730   266  2108  1637   250  4970  1235  2794    97  3158
  1259   360  3077  1475  4771  2739  3308  4346   777  4106
  4212  4923  1578  4218  3868  3606  2729  4706   261  1793
  4159  2204  4281  2150   975  1769   616  1145  4722  3524
   460  3504  2426  3643  1371  4247   727  2117  3712  2288
  2793   215  1935  3749  2946  4787  2919  3168  2937  1728
   475   609  3346   844  2900  1046  1980  4032   176  4905
  3681  4605  1995  1042  1486  2030  3725  4470  2216   890
   214  4501   646   121  1432  3701  4193   397  1781  3738
  1428  2358  4553   541  3149  3910  2589  2247  1369  1560
  4042  3116  2896  2671  4751  2610  4829  1701  2777  2171
  3764  2882  2125   406   450   943  1366  3153   503  3095
  4165  2976  1388  3517  2401  3238  1331   967   683  4613
  1632  4723  4455   189   187  4759  3229  1079  1890  2825
  2489    65  2186  1265   301  3170  4090  3988  4230  4750
  3495  4111    54  3654  2818  4013  4421  4302   243  4420
   582  1774  3585   832  3066  2502  4438  2254  3160  4804
  3886  1468   445   849  2472  3401  4189   623  3297   435
   142  3630    48  1803  4582  2174  1302  3080   658  1473
  4948  4907  4754   712  2860  5011  2222  1049  1198    91
  2698  2660  4203    59  4076  3336  2512   125  4258  2550
  2826  2921  1233  4015  1266  3018    46  3551  1453   197
  1732  2806  4461  3982  2890  3412  4402  1183  1113  5012
   701   561  1234  1488  3566   835  1350  4093  4734  2725
   494   353  3596  1229   127   507  1182   158  3353  1476
   983  2327  1466   625  2474  2496  4527  2490  1897  4713
  1328   927  2273  4182  1700  2059  4897  3244  4173  4387
    53   725  3889   620  4844   761  3617  1662   497  2957
   537  4707  4288  1119  3276  4201  4417    52  4361  3469
  4992  1947  3942   426  4514  2087  4237  3763  1944  3177
  1245   703  2630   884  2251  2736  2759  1030  4562  2290
  4262  4909   689  2355   246  4588  3476  4322  3245  3458
  4662  3516  1403  3933  2958  2562  1894  3787  2152  1582
  3381  1733  3856  4488  3193  4158  3209  1355  4521  3541
  2122  4673  3783  4822  4821  3575  1431  1498   275  4819
  1885  4154  4431  2624  1171  3010  4119  2448  1655  3433
  4765   675  2714  2851  3274  2695  3248   431  3765  4663
    64  2854  3300  4731  4654  1008  4381  3396  1178  4072
  1796  1457  3554   489  1973  3144  4747  1812  3321  2164
   588  4217  2129   816  2528  3073   345   138  2602  2998
   883  3269  2296  4904   170  2151  4737    50  1263   324
  4877  4364  2529  1674  4793  1065  2367  2033  1411  2410
  4447  3613  1951  4636  2526   312  1586  1958  3519  2413
   224  4586  1715   403  1115  4344  1101   314  3718   222
   521  4800  1451   262  1645  1005   467  2170  2307  4243
   452  4619  1825  1590   240   774  4096  4314  4234  2879
  1534   855   663  2363  2175  3772  3098   255  1462   874
  2078   666  2453  3053  3615  4767  2778  4004   930  4539
  3375  4308  2790  4902   895  2820  3333  4141  4278  3952
  2880  3249  1126    25  3084  4273  1924   762  2064  2467
  4744  2016  2328   342   268  4025  4120   797  3185  2511
   711  3705  4440  1108  1762  2973  4864  1729  2407  2038
  4186  1743  3242  1712  4661  2942  1893  3056  4569  2783
   834  1480  1800  3263  2742  4010  4652   954   104  1835
  3377  2257  1057  2682  4961  3744  2423   409  1907  1611
  4832  3382  4040  2161  4142  4600  3070  4109   852  1467
  4719   652   473  4579  1342  4424  4564   717  2700  4910
  1374  4252  3439  3212   447   736   472   586  2387  4214
  3186  4310  3909  4446  3434  3395  4160  3828  1742  1102
  1858    96  1283  4279  4551  1368  1514  1246  2203  1569
  4621   210  3354  1078  1680  1438  4225  4503  4508   307
  3348  4457  1740  4047  2892  4792  1285  3882  4550   154
  4886   781  2437   698   575  4044  1961  1482   594  1237
  3232    27  3099  3737  3081    93  4070  4960  1221  4251
  3201  4162  1953  2155   659  1827   296  2076  1671  3341
  1293  1107  3694   837  1052  2888   439  4197  3561  1039
  2708    57   520    74   446   391  4507  1026  2580  2242
   946  3108   390  3467  2248   347  4718  3943  2861  2838
  1284  4593  4794  4815  5004    78   713  1581  3858  4147
  1454  4998  3449  1962   812  2576  3325  3802   866  4509
  2899  1811  4260  2611  2521  2965  4999   525  4429  3735
    89  3161  1863   532  1654  2738  4623  4291  1184   298
  2565  2951  2852  3406  2469  4132  3447  2677  2537  3589
  3973  2447  3869  1826   842  1341  3472  2874  3299  3605
  4945   643  4840  2026  1050  2221  2052  2961  1516  1756
   916   716  2450  2621  3671  3316  1027  1706  1929  3326
   276  2929  2492  2237  4994  3529  3660  1754  3405  3804
  4284  3078  2606  3682  1719  4556  1686  1352  3127  4209
  2982  2966  2279  3797  4597  1908   957  3852   327  3623
  3636  4502  2003   753  1402  2504  2726  1144   186  3218
  2829   305  4574  4651  1577  4859   133    56  4328  1458
   358  4797  4467  1288  4216  4703  3699  1639  1206  3695
  2182   622  3535  3967  3059  2265  4851  1772  3865  3571
   863   936  1691  1213   316  3117  3521  2045  4035  2116
  3627  4915  4405  4000  4465   970  4675  4805  2094  1165
  2754   851  2907   213  2457   587  2352  4890  1277  4048
  4756   194  2375  3427  3666   304   303  4355  3046  1063
  1860  2114  2801   905  1605  1320  4868  4492   470   819
  3821  4863  3989  3959  2696    29  4885   836  1471  3075
  4674  4127   119  4297   129  4116  2877  1608  2535  1358
  3370  1682   673   572  1230  3590   720    38  4304  1460
  3285  4489   740   956  1879  1518   558   756   239  3807
  3197  1553  3206   965  4517  4518  2095  2963   486  1162
  2944  1928  4145  1513  1618   322   375  3015  4449  2713
  1642  4592   853  3279  2043  1735  1866  2195  4595  3101
  4504  1070  4325  2703  2578  3371   425  1062  4585  3162
  2932  3019  1408  1717  4587  1360  1847  1810  4027  1923
  4755  3683  1806  3847    66   944  4337  3314  3594  3489
  1439   686  1500  2884   540  4543  4133  3009  2920  3096
  4943  2214    28    92  1523  4384  4334   923   974  4683
   926  1164  2709  3337  1727  1465  2235   690   201  2507
  3256  3221  1273  4735  4063  3413  3963  1125  4981   338
  4028  2519  3455  3385  4129   530  2346  2590  3294  2309
  4862  1449  1092   782  2434  3402  3759  1117   951  4825
  3979  2135  5000  2524  2097   986  2176  1007  1231  1090
   546   140   543  3717  2797   522  1865  3904  2189  3091
   933  1505  1950  2676   328  2867  4932  1035   257  3597
   870   538  2991  1978  2525  4367  2751   419   748   749
  3899  2865  3272  2177   139  1574  2753  1382  1507  2943
   595  3089  3284  2463  1974  2142  1106  4738   100  4166
  1363  3642  1567  3261  2132  1850  3110  1401  5008  4493
   505   544  4833   477  3360  3675  3634   137  4185  1991
  2881  4942  3984   670  2324  2009  3386   330  4102   491
  3151  2508  3814  2400  3651  1433  2765  3658  4345  2238
  1808  4254  3919    72   737   302  4699  1770  2912  4479
  4388  2424   209   343  4720  4602  1023  1051  2530  1311
  2987  2275  3159  4519   193  1876  3416  1474  3023   393
  1297  1335  4813   789  1750  4378  1661  1069  3902  3362
  4271   386  2560  1195  3004  4389  4934    83  2500   518
  2866  3452   128   947  2137  2196  4936  4425  4312  2771
  2395  2239    82  1244  3743   964  1848  1274  3146  2105
  2635  2049  3083  3528  4532  2810  3771  3937  2992  3002
  4065  1469  2392   767  2178  1834  2689   260  2314  4373
  3548  4114  4581  1737  4640  2024  4396  3390  1132  4657
  4620  1179   174  4513  1060  4030  4296  1222   994  3525
  4490  3050  1575  4188  3097  2313  2019  1181  4169  4248
  1794  1127   387   733  4183  1872  4922  1976  2693   270
  2208  1445   744  2276   515   329  1038  3809  3614  2542
   818  2126  3347  2661  3222  2804  3302    42  3194  2670
  3374   371  4347  1952  3556    37  4980  2136  3417  2295
  3637  1982  4174  2071  1977  3112   681  1526  3227  3803
  2833  2597   992  3549  4695  3993  4701  2184  1867  1739
  3039   715  3291  3379  3977  2668  1968  2967  4795  4678
   763  3358  1970   172  3983  3860  1702  1367  1845  3607
  4213  1161  4989  2479   190  1353  2109  1942  4950  2107
  2475  1624   755  3751  2938  4306  1997  3864  2333  3840
  2297  1985  2331  1938   448  1077  3430   958  1983  1001
  3421  1525  1853  4856  4802  1790  4727  3628  3207  3322
  4372   634  3442   484  4450  4641  3619   156  1537  2113
   136  3296  2915  3816  1464  2996   858  1625  3934  2436
  2134  3200  2732   655  3690   601  2172  1321  1128   463
  3017   794  3733  2259  2593   235   180   482    80   922
   814  3497  4842   242  3800  4152  2767  1153  3014  2985
  4799  3536   607  1546  3539  1389  1040  3532  4113  4768
  1767  1904  3564  3626  4499   702  1587  3432  5021  3533
  1838  3924   798  2897  2166  2812  3235  1207   399  4411
  4965  1188  2572  1375  3908  1262  4801  1224   787  3125
  2781  4534  2133  4709  2262   603  1881  2599  2925   367
  3241  3818  4887  1000  4144  2098   340  4827  4954  4561
  2231   499   223    55  3986  1544   915  4086  3912  2379
  1146  1018  3652  3552  4069  1260  4609  4456    44  3305
  4962  1362  4728   590   768  4691  3981  4122  4487  2495
  3450  3051  1384  3408  1629  3970  3399  4478  2755  3911
   817  1100  4006  4268  2831  3490  1268  2522  1088   862
   504  2160   407  1609  3311  1988  4599  4891   564   571
  2230  4803  2421   654  4426  4445  1725  1653   110  1615
  1029  2419  2716  4874  4335   846  3461  2010  1818  4202
   982  3857  1299  2625   315   146  4498   318   395  3883
  1294  4274  1963  2514  1583  2073  1630  4816  1199  1925
  4526  2119  4103  2809  1280   191  4059  1646  2491   860
  3895  2069  3829  1528  2645   130  2014  3499  3667  2393
  4777  3323  2361  3429  3202   151  3304  3758  1648  4866
   773  1349  2665  3011  3312  2601  3335   394  4054  4629
   379  1522  3047  4082   676  4505   124  2849  4012  2282
   710  2093  2074  1688   492  1396  2348   885   695   206
    75  1410  3035   123  3801  1773  3409  2769  4560  3555
   828  1420  4688  3123  4949  2575  3394  1443  2685  5013
  2728  3165  5001  1764  1562   508  4584  1338   396   726